0.0120418
0.0776247
0.171418
0.188358
0.205761
0.22356
0.241556
0.259614
0.27757
0.295194
inf
0.329047
0.344931
inf
0.37422
0.387398
inf
0.410756
0.420991
0.430255
0.438735
0.446445
0.453509
0.459984
0.465809
inf
0.476034
0.480636
2.42518
0.611512
0.493423
2.48783
0.627279
0.506118
inf
0.515773
0.521029
inf
0.532806
0.539381
inf
0.553615
0.560895
inf
0.575277
0.581946
inf
0.594114
0.599467
inf
0.608622
0.612415
inf
0.618513
0.620808
inf
0.623976
0.62494
inf
0.62581
0.625769
inf
0.624601
0.623578
inf
0.620562
0.618663
inf
0.614159
0.611516
inf
0.60523
0.601585
inf
0.593681
0.589332
inf
0.579941
0.575118
inf
0.56481
0.559505
inf
0.548127
0.542304
2.68129
0.662666
0.523808
inf
0.510706
0.504005
inf
0.489849
0.482524
inf
0.467226
0.382701
inf
0.553108
0.433778
inf
0.415581
0.406331
inf
0.387685
0.378462
inf
0.360138
0.351173
inf
0.333732
0.325355
inf
0.309247
0.301563
inf
0.286855
0.279837
inf
0.266509
0.260268
0.254252
0.248529
0.243182
0.238108
0.233413
0.229059
inf
0.221401
0.218115
1.07608
0.265948
0.21066
inf
0.207436
0.206337
inf
0.205091
0.204952
inf
0.205319
0.205758
inf
0.206973
0.20756
inf
0.208384
0.208632
inf
0.209001
0.209206
inf
0.209668
0.20991
inf
0.210571
0.175754
0.26411
1.05839
0.265152
inf
0.21319
0.213914
inf
0.21558
0.21659
0.2177
0.218998
0.220459
0.222121
0.224009
0.226042
inf
0.230938
0.233803
inf
0.240384
0.244165
inf
0.252808
0.160992
inf
0.671067
0.27446
inf
0.287833
0.295354
inf
0.311846
0.320758
inf
0.339735
0.349777
inf
0.370732
0.381732
inf
0.40474
0.416839
inf
0.442056
0.455068
inf
0.482079
0.495979
inf
0.524538
0.539074
2.7686
0.710517
0.583133
inf
0.612553
0.627212
inf
0.656446
0.670906
inf
0.699398
0.713511
inf
0.740923
0.754362
inf
0.780755
0.793577
inf
0.818553
0.830606
inf
0.853569
0.864454
inf
0.885056
0.894691
inf
0.912346
0.920228
inf
0.934385
0.940221
inf
0.949358
0.952473
inf
0.955515
0.955299
inf
0.951044
0.947044
inf
0.935004
0.927027
inf
0.907058
0.895058
inf
0.867571
0.852231
inf
0.818635
0.800619
inf
0.762764
0.743217
inf
0.703357
0.683384
inf
0.644061
0.520907
inf
0.736268
0.572012
inf
0.540127
0.525232
inf
0.496682
0.483078
inf
0.456564
0.44391
inf
0.524758
0.340337
inf
0.386534
0.376067
0.457295
0.296523
0.432673
0.280545
inf
0.31839
0.30972
inf
0.366991
0.238398
inf
0.272548
0.133259
0.130492
0.255927
0.251323
0.247258
0.30462
0.200438
inf
0.294646
0.195042
0.29116
0.193478
inf
0.231876
0.232301
0.233138
0.234374
0.295189
0.198761
0.241469
0.245057
inf
0.317239
0.215502
inf
0.335917
0.228272
0.348943
0.236995
0.362015
0.245578
inf
0.380845
0.257845
inf
0.398053
0.268984
0.408763
0.275899
0.418897
0.282588
inf
0.433655
0.292429
inf
0.449565
0.303785
inf
0.470043
0.318753
inf
0.397577
0.405959
inf
0.42529
0.436217
inf
0.576005
0.395366
inf
0.629986
0.433162
inf
0.691742
0.475961
inf
0.608379
0.627769
inf
0.667842
0.688466
inf
0.913584
0.627056
inf
0.796769
0.819192
inf
1.08105
0.739815
inf
1.16772
0.797782
inf
1.00346
1.02624
inf
1.33927
1.09367
5.57842
1.42155
0.965184
inf
1.49785
1.01423
inf
1.56429
1.05556
inf
1.61562
1.08549
inf
1.64591
1.10025
inf
1.64971
1.09678
inf
1.63036
1.07982
inf
1.59083
1.04818
inf
1.2209
1.19867
inf
1.43333
1.11702
5.42506
1.31336
0.845322
inf
1.17026
0.745709
inf
0.202038
0.954303
3.59004
0.672116
0.62617
inf
0.668372
0.489937
2.23084
0.403693
0.362869
inf
0.358381
0.209897
0.219416
0.236971
0.0812533
0
